<?xml version="1.0"?>
<opencv_storage>
<Camera_Matrix type_id="opencv-matrix">
  <rows>3</rows>
  <cols>3</cols>
  <dt>d</dt>
  <data>
    7.9083504840480646e+02 0. 3.1950000000000000e+02 0.
    7.9083504840480646e+02 2.3950000000000000e+02 0. 0. 1.</data></Camera_Matrix>
<Distortion_Coefficients type_id="opencv-matrix">
  <rows>5</rows>
  <cols>1</cols>
  <dt>d</dt>
  <data>
    -8.3388063605786655e-02 9.4605445598432392e-01 0. 0.
    -4.1701360105977665e+00</data></Distortion_Coefficients>
<Avg_Reprojection_Error>1.0159640746939391e+00</Avg_Reprojection_Error>
<Per_View_Reprojection_Errors type_id="opencv-matrix">
  <rows>18</rows>
  <cols>1</cols>
  <dt>f</dt>
  <data>
    5.28167129e-01 2.58860528e-01 2.74095774e-01 4.51008260e-01
    3.89199376e-01 2.40333557e-01 3.75024676e-01 3.28498065e-01
    2.09501147e+00 3.42735314e+00 9.22324583e-02 5.83685458e-01
    4.29716349e-01 7.27082491e-01 3.97754520e-01 2.37606794e-01
    2.51639336e-01 1.43824533e-01</data></Per_View_Reprojection_Errors>
<!-- a set of 6-tuples (rotation vector + translation vector) for each view -->
<Extrinsic_Parameters type_id="opencv-matrix">
  <rows>18</rows>
  <cols>6</cols>
  <dt>d</dt>
  <data>
    3.3037029277733831e-01 -1.2858547209469179e-01
    2.3822389113113332e-01 -1.0304865137330404e+02
    -8.8689012055493237e+01 4.0612325311260940e+02
    2.6164998597025352e-01 -6.9100501568483144e-02
    -2.1222906312803946e-02 -1.2387998430729814e+02
    -2.2472958736539510e+01 5.3892846696249387e+02
    -6.3107294972755024e-01 6.4946949739073459e-02
    5.2289670643887498e-01 -5.5675979825614199e+01
    -1.2059026614770352e+02 5.0745137276820054e+02
    -1.5139750029643456e-01 7.1312952548513971e-03
    1.1013310718411442e-02 -1.1285290663398175e+02
    -8.9608327230436728e+01 4.4088284477411321e+02
    -1.6438956545556030e-01 -4.1135005975384015e-01
    -1.5811723105240942e+00 -6.3212096668775231e+01
    7.7956185960782591e+01 3.9025275796823854e+02
    -2.5562088513015824e-01 -3.1187169510585744e-01
    -9.2714481857166697e-01 -4.6506801264422975e+01
    1.5728390965868646e+01 4.7148545188550850e+02
    -3.4738417451640835e-01 1.1619163856384750e-01
    2.5887581164607393e-01 -1.1323822367976878e+02
    -9.2352307933997437e+01 4.8691309068689668e+02
    -5.4709401525132750e-01 -1.7116988683590745e-01
    -1.6653971012241395e-01 -1.0814462223132091e+02
    -8.6020533894722391e+01 4.4390635241924656e+02
    -8.0583029497765513e-01 -2.8921809864522824e-01
    4.9098550834810684e-01 -3.0520886969881570e+01
    -1.0632107987904349e+02 5.5886080206579607e+02
    -6.1964106809486108e-01 7.6032488976417179e-01
    7.5448604078374437e-01 1.4618658004337606e+01
    -1.2663217098323814e+02 6.2819449018467037e+02
    -7.2258795842908685e-01 -2.8301811196284349e-01
    -1.1882417415079376e+00 -3.0717699928272438e+01
    5.7969169693495971e+01 4.8166273455394111e+02 1.0917040630797863e-01
    -5.6626202009495619e-01 1.1724872203974175e+00
    7.6578039689887405e+01 -1.0639113951593420e+02
    4.3755626990510029e+02 -4.2113510963127576e-01
    1.0224090816474074e-01 2.9561302133669143e-01
    -4.8795809457568360e+01 -1.2699597955115198e+02
    5.1860562134437555e+02 4.3684684212448521e-01
    -3.5926666634586851e-01 3.0651396957369732e+00
    1.1748896294644280e+02 8.5254942880797913e+01 3.7845117484822532e+02
    -3.6415216688113644e-01 6.8138454504497148e-01
    1.7837350165025365e-01 -4.8038486269653660e+01
    -1.0396273016503859e+02 4.8910401551420608e+02
    -4.6916158421606302e-01 -7.5085199381755907e-01
    -1.5896273249654855e+00 -3.9768441593273778e+01
    5.2108094905729303e+01 3.2472651987176943e+02
    -5.5907413922300297e-01 -2.6612059723455422e-01
    -3.9819712142457880e-01 -1.4335571244449534e+02
    -4.0603721318404197e+01 4.3910542207170232e+02
    -7.4012995580762364e-01 -1.5791400525838928e-01
    -1.0574013960140920e+00 -9.7011294038971883e+01
    1.5616524321924871e+01 4.2803340579902994e+02</data></Extrinsic_Parameters>
<Image_points type_id="opencv-matrix">
  <rows>18</rows>
  <cols>165</cols>
  <dt>"2f"</dt>
  <data>
    1.20587975e+02 6.87316742e+01 1.49345718e+02 7.55560989e+01
    1.77849838e+02 8.25616150e+01 2.05867844e+02 8.92309570e+01
    2.33862259e+02 9.59145966e+01 2.61484283e+02 1.02490585e+02
    2.88853699e+02 1.09093964e+02 3.15900909e+02 1.15552788e+02
    3.42711090e+02 1.22076607e+02 3.69278809e+02 1.28446304e+02
    3.95499908e+02 1.34665848e+02 4.21423859e+02 1.40936829e+02
    4.47201935e+02 1.47147812e+02 4.72478882e+02 1.53353256e+02
    4.97630676e+02 1.59352905e+02 1.15367950e+02 9.66391678e+01
    1.43924438e+02 1.03519722e+02 1.71986893e+02 1.10029663e+02
    2.00141098e+02 1.16623688e+02 2.27657410e+02 1.23048157e+02
    2.55143631e+02 1.29533417e+02 2.82207733e+02 1.35838196e+02
    3.09115631e+02 1.42242615e+02 3.35601593e+02 1.48383972e+02
    3.61914764e+02 1.54549194e+02 3.87991364e+02 1.60617157e+02
    4.13701691e+02 1.66664642e+02 4.39287354e+02 1.72709793e+02
    4.64441559e+02 1.78618515e+02 4.89389832e+02 1.84548615e+02
    1.10335693e+02 1.24247612e+02 1.38540985e+02 1.30577087e+02
    1.66524017e+02 1.37158508e+02 1.94230667e+02 1.43362854e+02
    2.21608917e+02 1.49681488e+02 2.48729065e+02 1.55798508e+02
    2.75595490e+02 1.62160812e+02 3.02290619e+02 1.68190918e+02
    3.28597748e+02 1.74271851e+02 3.54644531e+02 1.80210388e+02
    3.80493378e+02 1.86177734e+02 4.06055969e+02 1.92035187e+02
    4.31488983e+02 1.97851517e+02 4.56424591e+02 2.03547714e+02
    4.81181946e+02 2.09307175e+02 1.05336159e+02 1.50891479e+02
    1.33329453e+02 1.57361313e+02 1.60918457e+02 1.63467972e+02
    1.88429413e+02 1.69663971e+02 2.15578873e+02 1.75660217e+02
    2.42590897e+02 1.81786957e+02 2.69274017e+02 1.87737549e+02
    2.95660309e+02 1.93652390e+02 3.21730560e+02 1.99521240e+02
    3.47609650e+02 2.05316940e+02 3.73315552e+02 2.11020447e+02
    3.98548859e+02 2.16713104e+02 4.23705902e+02 2.22403488e+02
    4.48434448e+02 2.28016571e+02 4.73075378e+02 2.33502380e+02
    1.00452248e+02 1.77363968e+02 1.28203903e+02 1.83383026e+02
    1.55598541e+02 1.89480759e+02 1.82783585e+02 1.95366165e+02
    2.09722824e+02 2.01388184e+02 2.36428848e+02 2.07201401e+02
    2.62887451e+02 2.13056732e+02 2.89096100e+02 2.18666031e+02
    3.14953552e+02 2.24385025e+02 3.40672699e+02 2.29895920e+02
    3.66014618e+02 2.35502823e+02 3.91290009e+02 2.41022964e+02
    4.16017181e+02 2.46483398e+02 4.40795868e+02 2.51866211e+02
    4.65125854e+02 2.57327301e+02 9.55927429e+01 2.02975784e+02
    1.23211487e+02 2.09111038e+02 1.50301743e+02 2.14814148e+02
    1.77344757e+02 2.20715057e+02 2.03898193e+02 2.26409668e+02
    2.30457947e+02 2.32206833e+02 2.56650757e+02 2.37667465e+02
    2.82601166e+02 2.43349518e+02 3.08371124e+02 2.48736191e+02
    3.33776642e+02 2.54279221e+02 3.58956848e+02 2.59529694e+02
    3.83868500e+02 2.64838745e+02 4.08667023e+02 2.70218811e+02
    4.33052887e+02 2.75476562e+02 4.57367859e+02 2.80615906e+02
    9.10294418e+01 2.28495316e+02 1.18204185e+02 2.34135223e+02
    1.45228516e+02 2.39889725e+02 1.71826248e+02 2.45366562e+02
    1.98383957e+02 2.51092941e+02 2.24549484e+02 2.56557007e+02
    2.50568726e+02 2.62000854e+02 2.76377930e+02 2.67343567e+02
    3.01751495e+02 2.72687958e+02 3.27117645e+02 2.77881744e+02
    3.52054413e+02 2.83154846e+02 3.76764130e+02 2.88289337e+02
    4.01327118e+02 2.93498505e+02 4.25610168e+02 2.98505127e+02
    4.49596558e+02 3.03556885e+02 8.62866058e+01 2.53133652e+02
    1.13350288e+02 2.58940552e+02 1.40068817e+02 2.64271637e+02
    1.66587387e+02 2.69825073e+02 1.92751663e+02 2.75092926e+02
    2.18769287e+02 2.80557343e+02 2.44568130e+02 2.85704468e+02
    2.70083282e+02 2.91061127e+02 2.95472900e+02 2.96090851e+02
    3.20433594e+02 3.01328827e+02 3.45284363e+02 3.06296722e+02
    3.69710663e+02 3.11333130e+02 3.94175446e+02 3.16295074e+02
    4.18112610e+02 3.21233429e+02 4.42136292e+02 3.26144928e+02
    8.17211990e+01 2.77567200e+02 1.08525490e+02 2.82790131e+02
